
Final Info--->  
MSE: 88.03027294861621, Q1: 7.914665937423706, Q2: 17.7249755859375, Q3: 45.01405334472656 
MAE: 2.6081265611961424, Q1: 0.9286395311355591, Q2: 1.5782781839370728, Q3: 2.847854971885681 
DELTA_E: 3.238243261184131, Q1: 1.4955406129111768, Q2: 2.2983755193446713, Q3: 3.9507028927225063