
Final Info--->  
MSE: 100.24483941716372, Q1: 10.77514362335205, Q2: 37.74372482299805, Q3: 70.1898193359375 
MAE: 3.0945063280918284, Q1: 1.1513116955757141, Q2: 2.611607789993286, Q3: 3.877795100212097 
DELTA_E: 3.964280951492656, Q1: 1.590391781624326, Q2: 3.5561838680386755, Q3: 5.517019487199869