
Final Info--->  
MSE: 868.0095469156901, Q1: 649.3565063476562, Q2: 888.9968566894531, Q3: 1026.9808654785156 
MAE: 5.733927655220032, Q1: 4.484042763710022, Q2: 5.4199442863464355, Q3: 6.342770457267761 
DELTA_E: 12.111416786428778, Q1: 10.418877885000791, Q2: 12.117333474106047, Q3: 13.354671092346662