
Final Info--->  
MSE: 1051.0689005533854, Q1: 760.8582458496094, Q2: 1024.00048828125, Q3: 1332.4954223632812 
MAE: 6.301949628194174, Q1: 4.428456783294678, Q2: 6.004706859588623, Q3: 7.691016435623169 
DELTA_E: 14.428964820699472, Q1: 11.897874256781511, Q2: 13.11220726719937, Q3: 16.150366199553694