
Final Info--->  
MSE: 822.7747049967448, Q1: 576.5182342529297, Q2: 840.6717834472656, Q3: 1025.2583770751953 
MAE: 5.108943390846252, Q1: 3.9289414286613464, Q2: 4.853716135025024, Q3: 5.512793183326721 
DELTA_E: 11.654560670052062, Q1: 10.62900657323434, Q2: 11.860466428050387, Q3: 13.021875293279399