
Final Info--->  
MSE: 151.38980222600347, Q1: 29.4913272857666, Q2: 56.35630416870117, Q3: 125.33349609375 
MAE: 4.18163402239761, Q1: 2.1365307569503784, Q2: 3.0366554260253906, Q3: 4.815065383911133 
DELTA_E: 5.42537870400705, Q1: 3.111715309038551, Q2: 4.422810669755487, Q3: 6.769479173909337