
Final Info--->  
MSE: 92.65687033064405, Q1: 6.525353670120239, Q2: 14.234890937805176, Q3: 35.0107479095459 
MAE: 2.470648161896712, Q1: 0.8269430696964264, Q2: 1.444112777709961, Q3: 2.4999388456344604 
DELTA_E: 2.999175976408809, Q1: 1.3610721978485643, Q2: 2.0472114091335865, Q3: 3.3229629328067025