
Final Info--->  
MSE: 834.2753692626953, Q1: 629.9518127441406, Q2: 842.7102966308594, Q3: 1005.5859527587891 
MAE: 5.704505976041158, Q1: 4.56646192073822, Q2: 5.543421506881714, Q3: 6.193604469299316 
DELTA_E: 11.778454214097941, Q1: 9.836814022774657, Q2: 12.188669463426038, Q3: 12.995985357750326